A0 size=2048:
  0x00001800 banks=[0, 1, 2, 3, 4, 5, 6, 7]
  0x00001900 banks=[0, 1, 2, 3, 4, 5, 6, 7]
  0x00001A00 banks=[0, 1, 2, 3, 4, 5, 6, 7]
  0x00001B00 banks=[0, 1, 2, 3, 4, 5, 6, 7]
  0x00001C00 banks=[0, 1, 2, 3, 4, 5, 6, 7]
  0x00001D00 banks=[0, 1, 2, 3, 4, 5, 6, 7]
  0x00001E00 banks=[0, 1, 2, 3, 4, 5, 6, 7]
  0x00001F00 banks=[0, 1, 2, 3, 4, 5, 6, 7]
  0x00002000 banks=[0, 1, 2, 3, 4, 5, 6, 7]

A1 size=2048:
  0x00002800 banks=[0, 1, 2, 3, 4, 5, 6, 7]
  0x00002900 banks=[0, 1, 2, 3, 4, 5, 6, 7]
  0x00002A00 banks=[0, 1, 2, 3, 4, 5, 6, 7]
  0x00002B00 banks=[0, 1, 2, 3, 4, 5, 6, 7]
  0x00002C00 banks=[0, 1, 2, 3, 4, 5, 6, 7]
  0x00002D00 banks=[0, 1, 2, 3, 4, 5, 6, 7]
  0x00002E00 banks=[0, 1, 2, 3, 4, 5, 6, 7]
  0x00002F00 banks=[0, 1, 2, 3, 4, 5, 6, 7]
  0x00003000 banks=[0, 1, 2, 3, 4, 5, 6, 7]

B0 size=2048:
  0x00003800 banks=[0, 1, 2, 3, 4, 5, 6, 7]
  0x00003900 banks=[0, 1, 2, 3, 4, 5, 6, 7]
  0x00003A00 banks=[0, 1, 2, 3, 4, 5, 6, 7]
  0x00003B00 banks=[0, 1, 2, 3, 4, 5, 6, 7]
  0x00003C00 banks=[0, 1, 2, 3, 4, 5, 6, 7]
  0x00003D00 banks=[0, 1, 2, 3, 4, 5, 6, 7]
  0x00003E00 banks=[0, 1, 2, 3, 4, 5, 6, 7]
  0x00003F00 banks=[0, 1, 2, 3, 4, 5, 6, 7]
  0x00004000 banks=[0, 1, 2, 3, 4, 5, 6, 7]

B1 size=2048:
  0x00004800 banks=[0, 1, 2, 3, 4, 5, 6, 7]
  0x00004900 banks=[0, 1, 2, 3, 4, 5, 6, 7]
  0x00004A00 banks=[0, 1, 2, 3, 4, 5, 6, 7]
  0x00004B00 banks=[0, 1, 2, 3, 4, 5, 6, 7]
  0x00004C00 banks=[0, 1, 2, 3, 4, 5, 6, 7]
  0x00004D00 banks=[0, 1, 2, 3, 4, 5, 6, 7]
  0x00004E00 banks=[0, 1, 2, 3, 4, 5, 6, 7]
  0x00004F00 banks=[0, 1, 2, 3, 4, 5, 6, 7]
  0x00005000 banks=[0, 1, 2, 3, 4, 5, 6, 7]

ACC size=4096:
  0x00000000 banks=[0, 1, 2, 3, 4, 5, 6, 7]
  0x00000100 banks=[0, 1, 2, 3, 4, 5, 6, 7]
  0x00000200 banks=[0, 1, 2, 3, 4, 5, 6, 7]
  0x00000300 banks=[0, 1, 2, 3, 4, 5, 6, 7]

OUT size=1024:
  0x00006800 banks=[0, 1, 2, 3]
  0x00006900 banks=[1, 2, 3, 4]
  0x00006A00 banks=[2, 3, 4, 5]
  0x00006B00 banks=[3, 4, 5, 6]

B_SCR size=2048:
  0x00005800 banks=[0, 1, 2, 3, 4, 5, 6, 7]
  0x00005900 banks=[0, 1, 2, 3, 4, 5, 6, 7]
  0x00005A00 banks=[0, 1, 2, 3, 4, 5, 6, 7]
  0x00005B00 banks=[0, 1, 2, 3, 4, 5, 6, 7]

SK0 size=1024:
  0x00007400 banks=[4, 5, 6, 7]
  0x00007500 banks=[0, 5, 6, 7]
  0x00007600 banks=[0, 1, 6, 7]
  0x00007700 banks=[0, 1, 2, 7]
  0x00007800 banks=[0, 1, 2, 3]
  0x00007900 banks=[1, 2, 3, 4]
  0x00007A00 banks=[2, 3, 4, 5]
  0x00007B00 banks=[3, 4, 5, 6]
  0x00007C00 banks=[4, 5, 6, 7]

SK1 size=1024:
  0x00008000 banks=[0, 1, 2, 3]
  0x00008100 banks=[1, 2, 3, 4]
  0x00008200 banks=[2, 3, 4, 5]
  0x00008300 banks=[3, 4, 5, 6]
  0x00008400 banks=[4, 5, 6, 7]
  0x00008500 banks=[0, 5, 6, 7]
  0x00008600 banks=[0, 1, 6, 7]
  0x00008700 banks=[0, 1, 2, 7]
  0x00008800 banks=[0, 1, 2, 3]

