A0 size=2048:
  0x00000000 banks=[0, 1, 2, 3, 4, 5, 6, 7]
  0x00000100 banks=[0, 1, 2, 3, 4, 5, 6, 7]
  0x00000200 banks=[0, 1, 2, 3, 4, 5, 6, 7]
  0x00000300 banks=[0, 1, 2, 3, 4, 5, 6, 7]
  0x00000400 banks=[0, 1, 2, 3, 4, 5, 6, 7]
  0x00000500 banks=[0, 1, 2, 3, 4, 5, 6, 7]
  0x00000600 banks=[0, 1, 2, 3, 4, 5, 6, 7]
  0x00000700 banks=[0, 1, 2, 3, 4, 5, 6, 7]
  0x00000800 banks=[0, 1, 2, 3, 4, 5, 6, 7]
  0x00000900 banks=[0, 1, 2, 3, 4, 5, 6, 7]

A1 size=2048:
  0x00000000 banks=[0, 1, 2, 3, 4, 5, 6, 7]
  0x00000100 banks=[0, 1, 2, 3, 4, 5, 6, 7]
  0x00000200 banks=[0, 1, 2, 3, 4, 5, 6, 7]
  0x00000300 banks=[0, 1, 2, 3, 4, 5, 6, 7]
  0x00000400 banks=[0, 1, 2, 3, 4, 5, 6, 7]
  0x00000500 banks=[0, 1, 2, 3, 4, 5, 6, 7]
  0x00000600 banks=[0, 1, 2, 3, 4, 5, 6, 7]
  0x00000700 banks=[0, 1, 2, 3, 4, 5, 6, 7]
  0x00000800 banks=[0, 1, 2, 3, 4, 5, 6, 7]
  0x00000900 banks=[0, 1, 2, 3, 4, 5, 6, 7]

B0 size=2048:
  0x00000000 banks=[0, 1, 2, 3, 4, 5, 6, 7]
  0x00000100 banks=[0, 1, 2, 3, 4, 5, 6, 7]
  0x00000200 banks=[0, 1, 2, 3, 4, 5, 6, 7]
  0x00000300 banks=[0, 1, 2, 3, 4, 5, 6, 7]
  0x00000400 banks=[0, 1, 2, 3, 4, 5, 6, 7]
  0x00000500 banks=[0, 1, 2, 3, 4, 5, 6, 7]
  0x00000600 banks=[0, 1, 2, 3, 4, 5, 6, 7]
  0x00000700 banks=[0, 1, 2, 3, 4, 5, 6, 7]
  0x00000800 banks=[0, 1, 2, 3, 4, 5, 6, 7]
  0x00000900 banks=[0, 1, 2, 3, 4, 5, 6, 7]

B1 size=2048:
  0x00000000 banks=[0, 1, 2, 3, 4, 5, 6, 7]
  0x00000100 banks=[0, 1, 2, 3, 4, 5, 6, 7]
  0x00000200 banks=[0, 1, 2, 3, 4, 5, 6, 7]
  0x00000300 banks=[0, 1, 2, 3, 4, 5, 6, 7]
  0x00000400 banks=[0, 1, 2, 3, 4, 5, 6, 7]
  0x00000500 banks=[0, 1, 2, 3, 4, 5, 6, 7]
  0x00000600 banks=[0, 1, 2, 3, 4, 5, 6, 7]
  0x00000700 banks=[0, 1, 2, 3, 4, 5, 6, 7]
  0x00000800 banks=[0, 1, 2, 3, 4, 5, 6, 7]
  0x00000900 banks=[0, 1, 2, 3, 4, 5, 6, 7]

ACC size=4096:
  0x00000000 banks=[0, 1, 2, 3, 4, 5, 6, 7]
  0x00000100 banks=[0, 1, 2, 3, 4, 5, 6, 7]
  0x00000200 banks=[0, 1, 2, 3, 4, 5, 6, 7]
  0x00000300 banks=[0, 1, 2, 3, 4, 5, 6, 7]

OUT size=1024:
  0x00000000 banks=[0, 1, 2, 3]
  0x00000100 banks=[1, 2, 3, 4]
  0x00000200 banks=[2, 3, 4, 5]
  0x00000300 banks=[3, 4, 5, 6]

B_SCR size=2048:
  0x00000000 banks=[0, 1, 2, 3, 4, 5, 6, 7]
  0x00000100 banks=[0, 1, 2, 3, 4, 5, 6, 7]
  0x00000200 banks=[0, 1, 2, 3, 4, 5, 6, 7]
  0x00000300 banks=[0, 1, 2, 3, 4, 5, 6, 7]

SK0 size=1024:
  0x00000000 banks=[0, 1, 2, 3]
  0x00000100 banks=[1, 2, 3, 4]
  0x00000200 banks=[2, 3, 4, 5]
  0x00000300 banks=[3, 4, 5, 6]
  0x00000400 banks=[4, 5, 6, 7]
  0x00000500 banks=[0, 5, 6, 7]
  0x00000600 banks=[0, 1, 6, 7]
  0x00000700 banks=[0, 1, 2, 7]
  0x00000800 banks=[0, 1, 2, 3]
  0x00000900 banks=[1, 2, 3, 4]

SK1 size=1024:
  0x00000000 banks=[0, 1, 2, 3]
  0x00000100 banks=[1, 2, 3, 4]
  0x00000200 banks=[2, 3, 4, 5]
  0x00000300 banks=[3, 4, 5, 6]
  0x00000400 banks=[4, 5, 6, 7]
  0x00000500 banks=[0, 5, 6, 7]
  0x00000600 banks=[0, 1, 6, 7]
  0x00000700 banks=[0, 1, 2, 7]
  0x00000800 banks=[0, 1, 2, 3]
  0x00000900 banks=[1, 2, 3, 4]

